910
557
1253
1370
1115
947
1168
1020
1049
923
1070
1148
1293
1191
1190
1137
1117
1064
1096
1120
1137
1121
1183
1181
1100
1107
1180
1207
1199
1183
1280
1360
1355
1284
1332
1360
1373
1367
1384
1372
1355
1378
1323
1312
1341
1404
1448
1417
1442
1523
1522
1508
1500
1501
1490
1463
1413
1408
1389
1395
1352
1326
1328
1362
1403
1471
1586
1663
1663
1648
1635
1626
1642
1637
1625
1645
1633
1629
1665
1662
1632
1637
1652
1640
1610
1604
1609
1629
1601
1594
1645
1628
1629
1601
1580
1610
1652
1693
1702
1706
1694
1690
1663
1685
1715
1789
1769
1749
1788
1817
1807
1795
1806
1827
1811
1810
1805
1797
1780
1773
1777
1767
1774
1766
1772
1780
1762
1775
1803
1805
1800
1816
1809
1803
1785
1775
1776
1780
1789
1784
1765
1760
1762
1753
1776
1790
1810
1853
1858
1885
1908
1908
1892
1892
1889
1878
1882
1878
1865
1863
1858
1853
1858
1849
1844
1842
1845
1849
1853
1842
1835
1832
1843
1841
1840
1855
1859
1855
1861
1872
1876
1882
1886
1895
1877
1884
1892
1884
1908
1927
1954
1967
1976
1982
1977
1993
2000
2002
2004
2013
2016
2010
2038
2059
2057
2053
2045
2052
2053
2051
2042
2021
2045
2040
2038
2031
2031
2024
2018
2009
2057
2061
2065
2052
2051
2054
2042
2043
2039
2047
2044
2044
2048
2059
2053
2042
2065
2061
2072
2080
2101
2099
2084
2092
2100
2102
2098
2092
2090
2084
2078
2085
2091
2095
2078
2070
2081
2069
2070
2095
2104
2152
2206
2196
2225
2235
2266
2279
2305
2315
2300
2302
