206
486
489
981
1243
1894
3093
3166
2944
2480
2389
2451
2525
2505
2455
2342
2248
2181
2193
2056
2025
1947
2092
2173
2142
2105
2065
1978
1923
2006
2146
2102
2103
2073
2036
2054
1978
2000
1985
1945
1906
2030
1964
1987
1974
1935
1905
1925
1899
1838
1855
1850
1831
1815
1812
1793
1771
1764
1701
1680
1669
1714
1815
1788
1772
1747
1719
1746
1743
1759
1782
1792
1758
1752
1730
1716
1711
1716
1706
1720
1712
1723
1710
1720
1702
1708
1686
1655
1665
1710
1729
1708
1704
1715
1755
1746
1739
1762
1727
1726
1729
1770
1762
1757
1748
1734
1740
1724
1726
1759
1747
1745
1737
1726
1722
1718
1710
1703
1701
1706
1698
1690
1694
1695
1694
1699
1687
1681
1680
1664
1662
1656
1666
1651
1647
1651
1661
1677
1686
1675
1669
1656
1657
1645
1630
1623
1630
1627
1631
1622
1619
1611
1608
1600
1607
1601
1592
1588
1597
1613
1616
1613
1593
1599
1621
1620
1631
1623
1612
1616
1608
1604
1615
1613
1610
1602
1599
1592
1584
1579
1588
1606
1599
1592
1605
1611
1605
1614
1613
1604
1638
1634
1635
1637
1653
1649
1642
1643
1640
1643
1632
1640
1656
1647
1661
1665
1663
1659
1658
1658
1655
1648
1647
1655
1655
1647
1653
1654
1652
1651
1651
1656
1669
1674
1670
1659
1659
1673
1675
1660
1666
1665
1666
1661
1654
1657
1653
1660
1669
1682
1667
1663
1674
1687
1707
1703
1698
1691
1693
1696
1702
1715
1712
1735
1766
1776
1766
1768
1763
1759
1758
1757
1760
1774
1765
1769
1767
1763
1762
1766
